#!/bin/sh
#
# Compare quick_asymm.c and quick_random.c
#
#   -h : quicksort with a pivot Hole.
#   -a : simple Asymmetric quicksort.
#   -r : quick sort with a random pivot hole.
#   -P l,m,n,o : threshold to change the choice of Pivot.
#       N <= l -- middle element.
#       N <= m -- median of 3 elements.
#       else   -- median of (log2(N)/2)|1 elements.
#
if [ $# -eq 0 ]; then
    echo "Usage : $0  Number  [data_file]"
else
    N=$1; shift
    Release/Sort -N $N -Z 16 -hartP 8,$N $*
fi

exit

# random in Qsort.ods

$ performance $0 26 20

start    : Fri Apr 21 21:30:03 UTC 2017
computer : archiso 4.8.6-1-ARCH #1 SMP PREEMPT Mon Oct 31 18:51:30 CET 2016 unknown GNU/Linux
operator : root
option   : random 26 20
stop     : Sat Apr 22 13:16:28 UTC 2017
1
log2(N)        12   13   14   15   16    17    18    19     20     21     22      23      24      25       26
qsort(3)       668  1435 3014 6615 14380 30314 65516 139162 293195 624106 1307229 2749464 5789311 12051444 25240475
quick_hole()   619  1437 2919 6124 12903 27753 63000 122767 259624 560048 1169768 2535765 5134565 10759634 22613522
quick_asymm()  671  1366 3064 6431 13196 30934 65616 128199 274054 585470 1209566 2588251 5397368 11346570 23309300
quick_random() 676  1454 3128 6708 13935 29758 67183 132761 282158 597192 1256345 2632283 5508009 11518923 23999904
quick_pivot()  659  1432 3107 6638 13642 29396 66774 131319 277911 588082 1237598 2609384 5448367 11385440 23805126

2
log2(N)        12   13   14   15   16    17    18    19     20     21     22      23      24      25       26
qsort(3)       668  1458 3154 6749 14453 30761 65576 138831 293390 628717 1321999 2762046 5813918 12071127 25084542
quick_hole()   648  1402 2847 6280 13251 27398 59576 127657 271007 602649 1203370 2446610 5292259 10720748 22687699
quick_asymm()  666  1503 2880 6643 13441 28384 62253 128634 271810 585392 1267207 2540056 5331590 11191925 23411340
quick_random() 696  1532 3053 6683 14313 29885 63476 133078 281771 610818 1255349 2641469 5512826 11539698 23994267
quick_pivot()  683  1469 3030 6632 14165 29295 62463 131507 278409 603818 1237918 2603786 5461780 11444419 23844982

3
log2(N)        12   13   14   15   16    17    18    19     20     21     22      23      24      25       26
qsort(3)       667  1449 3158 6589 14445 30832 65752 139334 293610 628707 1316795 2781425 5740935 12108363 25177369
quick_hole()   642  1398 3000 6193 13775 29993 63759 133060 270664 570538 1177483 2497926 5133958 10845596 22456554
quick_asymm()  676  1398 3000 6422 13100 30327 62355 134607 273995 584339 1219455 2629314 5332661 11269141 23499860
quick_random() 669  1449 3141 6689 13903 31829 64192 136119 281837 610288 1253863 2680948 5515560 11532098 24082478
quick_pivot()  659  1430 3066 6607 13739 31216 64115 134333 277916 605222 1232835 2659141 5464392 11447202 23862493

4
log2(N)        12   13   14   15   16    17    18    19     20     21     22      23      24      25       26
qsort(3)       634  1441 3369 6704 14388 30967 65258 139246 294499 629286 1310498 2786320 5826228 12084933 25163029
quick_hole()   600  1376 2945 6104 13799 29892 63159 126594 275549 566151 1208699 2517431 5304131 10697324 22513427
quick_asymm()  657  1456 3044 6298 14424 30119 65618 128133 281980 607724 1262464 2620226 5466602 11186720 23391130
quick_random() 676  1418 3252 6505 14843 31766 66394 133701 288214 604351 1250553 2677078 5564110 11449785 24038211
quick_pivot()  656  1401 3198 6426 14561 31690 66996 131814 286592 601007 1236287 2637064 5478499 11378697 23882774

5
log2(N)        12   13   14   15   16    17    18    19     20     21     22      23      24      25       26
qsort(3)       673  1393 3140 6715 14430 30832 65439 138408 294397 628015 1326150 2756717 5796432 12078756 25181886
quick_hole()   613  1370 2955 6403 13712 29189 59358 129785 270434 553513 1198387 2441368 5228722 10730535 22442462
quick_asymm()  650  1395 3038 6407 13776 31092 61632 129270 284852 578589 1242689 2552971 5325384 11228378 23642621
quick_random() 663  1472 3231 6682 13873 31784 64248 135752 288182 593005 1282240 2641771 5531720 11514969 24152243
quick_pivot()  653  1451 3172 6612 13746 31420 63452 133048 285073 586782 1266613 2600868 5449218 11387918 23740660

6
log2(N)        12   13   14   15   16    17    18    19     20     21     22      23      24      25       26
qsort(3)       638  1426 3148 6731 14417 30717 65258 139209 293967 628606 1315130 2766871 5805952 12058284 25094972
quick_hole()   620  1359 2892 6268 13457 29457 62978 126719 282980 557414 1160288 2464049 5192124 10906945 23458404
quick_asymm()  630  1437 3059 6487 13987 30742 66050 133068 292106 579346 1209997 2565788 5380547 11196310 23620032
quick_random() 669  1505 3161 6918 14335 31918 67467 136543 297162 597445 1255632 2632847 5547457 11530064 23907297
quick_pivot()  655  1422 3124 6820 14058 31392 66580 134266 282564 590680 1232877 2610310 5470881 11362790 23792778

7
log2(N)        12   13   14   15   16    17    18    19     20     21     22      23      24      25       26
qsort(3)       636  1450 3103 6765 14402 30791 65168 139476 294135 626106 1322435 2763562 5813096 12087061 25161690
quick_hole()   687  1368 2891 6160 12983 28428 63189 127445 258837 558088 1267056 2434714 5362153 10805620 22414228
quick_asymm()  640  1383 3070 6318 14024 30441 64986 129258 277084 574756 1243026 2612877 5326220 11306597 23496593
quick_random() 675  1445 3135 6661 14239 30392 64422 135777 282923 591511 1280603 2624902 5551043 11506340 24035129
quick_pivot()  659  1426 3100 6582 13672 30034 63664 133099 279327 585068 1262983 2602509 5453312 11441970 23777384

8
log2(N)        12   13   14   15   16    17    18    19     20     21     22      23      24      25       26
qsort(3)       1176 1485 3143 6697 14446 30756 65561 139195 294392 629783 1314912 2770851 5771986 12005481 25180197
quick_hole()   628  1333 2903 5958 13168 29302 59437 126784 263213 573317 1186473 2527194 5124641 10785874 22503178
quick_asymm()  656  1385 2989 6183 13654 29166 60847 132194 270628 588234 1240627 2639070 5415783 11694099 23396819
quick_random() 675  1415 3123 6512 14163 30335 62755 135462 280574 594509 1252301 2695825 5498464 11497352 23980883
quick_pivot()  659  1394 3067 6427 14157 29941 62148 134386 277781 586184 1241354 2673791 5440268 11378443 23867051

9
log2(N)        12   13   14   15   16    17    18    19     20     21     22      23      24      25       26
qsort(3)       662  1434 2980 6767 14392 30553 65479 138726 293039 629369 1321635 2778325 5774362 12077014 25118378
quick_hole()   659  1377 2946 6174 13685 28812 64353 130407 270382 606848 1266768 2560156 5326152 10675096 22612415
quick_asymm()  657  1353 3030 6165 14013 29682 66602 128169 274353 625895 1257544 2666536 5343410 11332031 23732510
quick_random() 694  1437 3123 6515 14730 30352 66960 134461 285697 633627 1255314 2689539 5525645 11534352 24126646
quick_pivot()  679  1401 3085 6439 14796 30047 63886 131364 280840 604440 1235969 2666472 5430011 11462561 23761807

10
log2(N)        12   13   14   15   16    17    18    19     20     21     22      23      24      25       26
qsort(3)       1184 1466 3069 6780 14421 30772 65451 138818 292410 629634 1321625 2757300 5799191 12022332 25045458
quick_hole()   627  1339 2970 6264 13558 27582 63422 133247 267560 568789 1192950 2463314 5354438 10750573 22883135
quick_asymm()  629  1345 2987 6542 14073 28581 65424 140383 279714 588995 1201655 2527603 5320230 11250472 23360164
quick_random() 673  1426 3154 6774 14205 29601 66883 137196 287212 592990 1250464 2634742 5524769 11520157 24002284
quick_pivot()  659  1393 3098 6653 14106 29121 66682 130698 283831 587522 1239329 2604167 5470282 11461868 23849832

11
log2(N)        12   13   14   15   16    17    18    19     20     21     22      23      24      25       26
qsort(3)       636  1410 3269 6726 14429 30788 65309 139402 294826 626573 1309119 2770874 5765936 12018006 25082684
quick_hole()   632  1382 2940 6366 13230 28035 59409 130262 284134 558631 1163375 2534564 5281186 10772781 22862673
quick_asymm()  624  1368 2987 6357 13949 28819 62786 132400 280440 574236 1216048 2618030 5332048 11197139 23762810
quick_random() 674  1464 3053 6753 13961 29590 64326 135620 283740 593173 1255193 2674020 5547824 11522777 23918625
quick_pivot()  659  1432 3017 6569 13796 29352 63178 135430 277060 584634 1242763 2656082 5452627 11390331 23829898

12
log2(N)        12   13   14   15   16    17    18    19     20     21     22      23      24      25       26
qsort(3)       638  1465 3007 6810 14177 30610 65515 137509 293570 624618 1307695 2771418 5731575 12004944 25023485
quick_hole()   612  1360 2942 6292 13101 29586 64276 124034 263873 572612 1184027 2452572 5236040 10791553 22483454
quick_asymm()  618  1394 3076 6439 13876 28732 66559 127883 278885 584599 1211244 2561045 5402780 11211999 23323663
quick_random() 657  1462 3139 6768 14260 29928 67402 135573 281602 605408 1260417 2629800 5524898 11552535 24055749
quick_pivot()  646  1432 3112 6634 14080 29313 66817 134156 277644 602900 1236282 2603249 5448369 11410458 23917663

13
log2(N)        12   13   14   15   16    17    18    19     20     21     22      23      24      25       26
qsort(3)       668  1466 3116 6841 14491 30250 65309 139349 292034 625656 1316730 2760963 5766393 12046189 25090036
quick_hole()   620  1379 2907 6098 13772 28412 63940 132205 262686 562124 1197584 2461494 5119644 10889549 22703171
quick_asymm()  652  1354 3066 6458 13799 29266 66802 138194 272670 577149 1244743 2542805 5395480 11209238 23569180
quick_random() 659  1463 3145 6676 14306 30412 64816 142141 282390 597443 1274423 2637474 5520603 11511231 23977153
quick_pivot()  644  1422 3103 6563 13920 29828 63079 140750 277947 586342 1268054 2604931 5459453 11450643 23781803

14
log2(N)        12   13   14   15   16    17    18    19     20     21     22      23      24      25       26
qsort(3)       668  1448 3163 6830 14351 30713 65133 138175 294503 628330 1315842 2758530 5813227 12047002 25138710
quick_hole()   645  1369 2892 6387 13650 29794 61781 136402 265842 579186 1172192 2490127 5288444 10909525 22816745
quick_asymm()  683  1377 2907 6618 14251 32311 61645 136646 268538 607001 1210644 2562206 5490928 11222142 23582221
quick_random() 697  1457 3064 6942 14884 32020 64149 142687 280252 606452 1253695 2632135 5511317 11504632 24039920
quick_pivot()  685  1439 3031 6797 14583 31774 63434 140844 278043 602831 1238934 2603208 5438889 11449767 23760704

15
log2(N)        12   13   14   15   16    17    18    19     20     21     22      23      24      25       26
qsort(3)       660  1424 3386 6733 14126 30883 65651 139104 294516 624802 1316022 2773209 5790450 12076145 25113204
quick_hole()   629  1356 2925 6167 13322 27073 57868 124928 274378 552346 1165958 2505947 5207227 10795152 22431964
quick_asymm()  667  1433 3054 6276 13799 28887 60263 131915 273801 581571 1213954 2629834 5381756 11186127 23303705
quick_random() 692  1518 3225 6720 14328 29729 63117 135777 282869 594970 1252365 2682010 5515713 11532633 23950392
quick_pivot()  686  1476 3177 6600 14084 29440 62027 133201 277401 586152 1239006 2657284 5441851 11397636 23777670

16
log2(N)        12   13   14   15   16    17    18    19     20     21     22      23      24      25       26
qsort(3)       653  1465 3158 6712 14419 30723 65254 139338 294264 630450 1322112 2766852 5816231 12045336 25146443
quick_hole()   642  1351 2890 6274 14039 28962 59583 133044 285439 561647 1188286 2509241 5332030 10778984 22612046
quick_asymm()  650  1426 3045 6427 14397 28328 62877 137806 291351 587294 1246555 2569099 5496207 11359463 23497408
quick_random() 704  1452 3128 6662 14686 29884 64351 142081 284869 605382 1276780 2627528 5614581 11512652 24043466
quick_pivot()  689  1453 3090 6650 14528 29323 63002 141060 281858 602311 1265324 2595499 5584160 11403894 23868644

17
log2(N)        12   13   14   15   16    17    18    19     20     21     22      23      24      25       26
qsort(3)       651  1439 3042 6740 14400 30212 65192 139020 294903 629582 1323510 2772508 5768406 12150490 25236851
quick_hole()   614  1393 2980 6192 13902 28285 64917 129454 269752 572542 1203338 2515939 5155436 11227533 22482216
quick_asymm()  658  1370 3183 6332 14241 30475 65277 131879 275795 581727 1223757 2653370 5379994 11478603 23400107
quick_random() 656  1458 3235 6697 14752 29637 65041 136347 284277 594114 1259408 2681851 5532264 11744532 23984111
quick_pivot()  645  1425 3169 6533 14570 29306 63111 134360 278129 587986 1232869 2664560 5459052 11427652 23856365

18
log2(N)        12   13   14   15   16    17    18    19     20     21     22      23      24      25       26
qsort(3)       655  1465 3138 6749 14454 30814 65126 139179 295152 629308 1327085 2770863 5805547 12054297 25172469
quick_hole()   607  1380 2994 6407 13584 28182 63670 137400 272703 568066 1195027 2444530 5137770 11079016 22368827
quick_asymm()  649  1348 3058 6641 14523 29691 66178 130356 274894 583346 1240896 2542746 5408488 11182335 23465201
quick_random() 657  1466 3222 6939 14668 30535 67685 135690 282616 593967 1273961 2631326 5521038 11585726 24004406
quick_pivot()  653  1425 3238 6784 13820 30101 66623 134750 278136 586020 1267354 2608530 5433918 11436296 23808158

19
log2(N)        12   13   14   15   16    17    18    19     20     21     22      23      24      25       26
qsort(3)       638  1419 3045 6759 14039 30687 65471 139350 294574 620573 1322520 2754197 5787304 12047438 25110123
quick_hole()   618  1307 2935 6347 12854 28894 59056 134512 266294 581633 1201029 2455355 5176746 10823409 22693466
quick_asymm()  624  1340 3046 6492 13304 29293 63762 133526 277230 589998 1266700 2565739 5370928 11217828 23215146
quick_random() 660  1423 3134 6658 13946 30424 64233 135622 288376 607410 1276486 2630686 5538712 11559035 23965051
quick_pivot()  647  1402 3086 6531 13652 29997 63982 134770 284272 606062 1266768 2597441 5443099 11413334 23794896

20
log2(N)        12   13   14   15   16    17    18    19     20     21     22      23      24      25       26
qsort(3)       649  1440 3154 6798 14579 30814 65284 139507 293996 628671 1322312 2779405 5784396 12127357 25144578
quick_hole()   632  1378 2968 6260 13031 29679 64248 137504 269798 568874 1204299 2526241 5204895 10798039 22667872
quick_asymm()  671  1404 3032 6290 13326 30216 65119 131610 277363 590080 1219733 2604198 5428556 11292885 23443767
quick_random() 687  1460 3220 6686 14106 30349 67656 134797 286408 602783 1255008 2621296 5510859 11542018 23961601
quick_pivot()  681  1405 3195 6660 13769 29526 66785 133370 285605 594331 1232191 2603560 5440009 11394596 23761875

@
